1 0.916
4 0.724
8 0.868
39 0.642
52 0.537
67 0.793
89 0.468
112 0.921
145 0.689
198 0.525
227 0.812
301 0.648
332 0.579
356 0.814
389 0.662
401 0.778
422 0.593
445 0.712
498 0.826
523 0.631
545 0.527
579 0.812
612 0.649
634 0.574
689 0.726
701 0.691
727 0.842
748 0.617
775 0.582
801 0.749
823 0.618
849 0.751
862 0.523
889 0.709
907 0.674
932 0.817
949 0.565
965 0.782
972 0.618
982 0.743
998 0.672
1000 0.756
1001 0.916
1004 0.724
1008 0.868
1039 0.642
1052 0.537
1067 0.793
1089 0.468
1112 0.921
1145 0.689
1198 0.525
1227 0.812
1301 0.648
1332 0.579
1356 0.814
1389 0.662
1401 0.778
1422 0.593
1445 0.712
1498 0.826
1523 0.631
1545 0.527
1579 0.812
1612 0.649
1634 0.574
1689 0.726
1701 0.691
1727 0.842
1748 0.617
1775 0.582
1801 0.749
1823 0.618
1849 0.751
1862 0.523
1889 0.709
1907 0.674
1932 0.817
1949 0.565
1965 0.782
1972 0.618
1982 0.743
1998 0.672
2000 0.756
2001 0.889
2004 0.722
2008 0.851
2039 0.656
2052 0.569
2067 0.804
2089 0.456
2112 0.911
2145 0.678
2198 0.515
2227 0.789
2301 0.627
2332 0.558
2356 0.814
2389 0.662
2401 0.778
2422 0.593
2445 0.712
2498 0.826
2523 0.631
2545 0.527
2579 0.812
2612 0.649
2634 0.574
2689 0.726
2701 0.691
2727 0.842
2748 0.617
2775 0.582
2801 0.749
2823 0.618
2849 0.751
2877 0.523
2904 0.709
2922 0.674
2947 0.817
2964 0.565
2980 0.782
2987 0.618
2997 0.743
3001 0.861
3004 0.687
3008 0.836
3039 0.614
3052 0.502
3067 0.762
3089 0.493
3112 0.919
3145 0.666
3198 0.524
3227 0.796
3301 0.634
3332 0.567
3356 0.812
3389 0.661
3401 0.778
3422 0.591
3445 0.708
3498 0.825
3523 0.629
3545 0.526
3579 0.812
3612 0.647
3634 0.572
3689 0.728
3701 0.692
3727 0.841
3748 0.618
3775 0.586
3801 0.751
3823 0.62
3849 0.754
3877 0.526
3904 0.708
3922 0.676
3947 0.819
3964 0.567
3980 0.785
3987 0.621
3997 0.742
4013 0.673
4027 0.755
4048 0.638
4062 0.845
4076 0.521
4091 0.697
4107 0.665
4113 0.798
4122 0.895
4135 0.612
4141 0.589
4154 0.797
4169 0.582
4175 0.715
4182 0.673
4196 0.694
4204 0.831
4211 0.515
4221 0.662
4228 0.518
4234 0.719
4239 0.632
4253 0.511
4261 0.663
4275 0.517
4281 0.729
4293 0.633
4297 0.634
4302 0.61
4312 0.676
4322 0.602
4330 0.779
4342 0.548
4351 0.605
4361 0.623
4375 0.519
4379 0.622
4391 0.523
4399 0.671
4399 0.671
4407 0.729
4423 0.601
4429 0.657
4434 0.646
4447 0.505
4452 0.656
4466 0.612
4484 0.684
4499 0.599
4500 0.512
4514 0.672
4519 0.536
4534 0.614
4542 0.585
4555 0.583
4563 0.723
4576 0.565
4582 0.602
4593 0.692
4601 0.568
4613 0.535
4619 0.689
4624 0.531
4636 0.675
4644 0.582
4656 0.692
4665 0.563
4672 0.641
4684 0.609
4692 0.634
4705 0.507
4711 0.61
4723 0.551
4729 0.65
4734 0.586
4747 0.612
4752 0.559
4766 0.609
4784 0.674
4799 0.523
4800 0.586
4814 0.619
4819 0.546
4834 0.624
4842 0.594
4855 0.572
4863 0.711
4876 0.545
4882 0.592
4893 0.69
4901 0.563
4913 0.532
4919 0.688
4924 0.529
4936 0.674
4944 0.581
4956 0.692
4965 0.561
4972 0.639
4984 0.608
4992 0.633
5001 0.861
5004 0.687
5008 0.836
5039 0.614
5052 0.502
5067 0.762
5089 0.493
5112 0.919
5145 0.666
5198 0.524
5227 0.796
5301 0.634
5332 0.567
5356 0.812
5389 0.661
5401 0.778
5422 0.591
5445 0.708
5498 0.825
5523 0.629
5545 0.526
5579 0.812
5612 0.647
5634 0.572
5689 0.728
5701 0.692
5727 0.841
5748 0.618
5775 0.586
5801 0.751
5823 0.62
5849 0.754
5877 0.526
5904 0.708
5922 0.676
5947 0.819
5964 0.567
5980 0.785
5987 0.621
5997 0.742
6112 0.921
6145 0.689
6198 0.525
6227 0.812
6301 0.648
6332 0.579
6356 0.814
6389 0.662
6401 0.778
6422 0.593
6445 0.712
6498 0.826
6523 0.631
6545 0.527
6579 0.812
6612 0.649
6634 0.574
6689 0.726
6701 0.691
6727 0.842
6748 0.617
6775 0.582
6801 0.749
6823 0.618
6849 0.751
6862 0.523
6889 0.709
6907 0.674
6932 0.817
6949 0.565
6965 0.782
6972 0.618
6982 0.743
6998 0.672
7013 0.673
7027 0.755
7048 0.638
7062 0.845
7076 0.521
7091 0.697
7107 0.665
7113 0.798
7122 0.895
7135 0.612
7141 0.589
7154 0.797
7169 0.582
7175 0.715
7182 0.673
7196 0.694
7204 0.831
7211 0.515
7221 0.662
7228 0.518
7234 0.719
7239 0.632
7253 0.511
7261 0.663
7275 0.517
7281 0.729
7293 0.633
7297 0.634
7302 0.61
7312 0.676
7322 0.602
7330 0.779
7342 0.548
7351 0.605
7361 0.623
7375 0.519
7379 0.622
7391 0.523
7399 0.671
7399 0.671
7407 0.729
7423 0.601
7429 0.657
7434 0.646
7447 0.505
7452 0.656
7466 0.612
7484 0.684
7499 0.599
7500 0.512
7514 0.672
7519 0.536
7534 0.614
7542 0.585
7555 0.583
7563 0.723
7576 0.565
7582 0.602
7593 0.692
7601 0.568
7613 0.535
7619 0.689
7624 0.531
7636 0.675
7644 0.582
7656 0.692
7665 0.563
7672 0.641
7684 0.609
7692 0.634
7705 0.507
7711 0.61
7723 0.551
7729 0.65
7734 0.586
7747 0.612
7752 0.559
7766 0.609
7784 0.674
7799 0.523
7800 0.586
7814 0.619
7819 0.546
7834 0.624
7842 0.594
7855 0.572
7863 0.711
7876 0.545
7882 0.592
7893 0.69
7901 0.563
7913 0.532
7919 0.688
7924 0.529
7936 0.674
7944 0.581
7956 0.692
7965 0.561
7972 0.639
7984 0.608
7992 0.633
8001 0.889
8000 0.756
8004 0.722
8008 0.851
8039 0.656
8052 0.569
8067 0.804
8089 0.456
8112 0.911
8145 0.678
8198 0.515
8227 0.789
8301 0.627
8332 0.558
8356 0.814
8389 0.662
8401 0.778
8422 0.593
8445 0.712
8498 0.826
8523 0.631
8545 0.527
8579 0.812
8612 0.649
8634 0.574
8689 0.726
8701 0.691
8727 0.842
8748 0.617
8775 0.582
8801 0.749
8823 0.618
8849 0.751
8877 0.523
8904 0.709
8922 0.674
8947 0.817
8964 0.565
8980 0.782
8987 0.618
8997 0.743
9027 0.755
9048 0.638
9062 0.845
9076 0.521
9091 0.697
9107 0.665
9113 0.798
9122 0.895
9135 0.612
9141 0.589
9154 0.797
9169 0.582
9175 0.715
9182 0.673
9196 0.694
9204 0.831
9211 0.515
9221 0.662
9228 0.518
9234 0.719
9239 0.632
9253 0.511
9261 0.663
9275 0.517
9281 0.729
9293 0.633
9297 0.634
9302 0.61
9312 0.676
9322 0.602
9330 0.779
9342 0.548
9351 0.605
9361 0.623
9375 0.519
9379 0.622
9391 0.523
9399 0.671
9399 0.671
9407 0.729
9423 0.601
9429 0.657
9434 0.646
9447 0.505
9452 0.656
9466 0.612
9484 0.684
9499 0.599
9500 0.512
9514 0.672
9519 0.536
9534 0.614
9542 0.585
9555 0.583
9563 0.723
9576 0.565
9582 0.602
9593 0.692
9601 0.568
9613 0.535
9619 0.689
9624 0.531
9636 0.675
9644 0.582
9656 0.692
9665 0.563
9701 0.691
9727 0.842
9748 0.617
9775 0.582
9801 0.749
9823 0.618
9849 0.751
9862 0.523
9889 0.709
9902 0.618
9907 0.743
9914 0.672