1 0.752
4 0.683
8 0.926
39 0.579
52 0.817
67 0.345
89 0.912
112 0.689
145 0.523
198 0.786
227 0.426
301 0.978
332 0.632
356 0.784
389 0.538
401 0.937
422 0.645
445 0.829
498 0.791
523 0.672
545 0.924
579 0.518
612 0.781
634 0.617
689 0.856
701 0.519
727 0.917
748 0.684
775 0.573
801 0.758
823 0.821
849 0.713
159 0.754
164 0.606
179 0.895
187 0.746
194 0.821
206 0.513
214 0.698
231 0.847
243 0.516
248 0.698
252 0.634
266 0.832
276 0.562
291 0.718
307 0.561
313 0.828
322 0.915
335 0.613
341 0.542
354 0.829
369 0.596
375 0.781
382 0.726
396 0.692
404 0.836
411 0.554
421 0.697
428 0.574
434 0.726
439 0.614
978 0.593
986 0.721
992 0.599
999 0.771
1000 0.784
1001 0.731
1004 0.648
1008 0.956
1039 0.563
1052 0.817
1067 0.325
1089 0.912
1112 0.689
1145 0.523
1198 0.786
1227 0.426
1301 0.978
1332 0.632
1356 0.784
1389 0.538
1401 0.937
1422 0.645
1445 0.829
1498 0.791
1523 0.672
1545 0.924
1579 0.518
1612 0.781
1634 0.617
1689 0.856
1701 0.519
1727 0.917
1748 0.684
1775 0.573
1801 0.758
1823 0.821
1849 0.713
1959 0.754
1964 0.606
1979 0.895
1987 0.746
1994 0.821
2001 0.712
2004 0.628
2008 0.914
2039 0.521
2052 0.809
2067 0.387
2089 0.892
2112 0.647
2145 0.479
2198 0.748
2227 0.422
2301 0.971
2332 0.613
2356 0.761
2389 0.517
2401 0.932
2422 0.638
2445 0.802
2498 0.781
2523 0.662
2545 0.912
2579 0.501
2612 0.765
2634 0.619
2689 0.837
2701 0.508
2727 0.894
2748 0.662
2775 0.545
2801 0.702
2823 0.787
2849 0.654
2959 0.589
2964 0.685
2979 0.831
2987 0.725
2994 0.789
3001 0.681
3004 0.598
3008 0.879
3039 0.493
3052 0.771
3067 0.333
3089 0.866
3112 0.647
3145 0.457
3198 0.718
3227 0.403
3301 0.957
3332 0.621
3356 0.779
3389 0.491
3401 0.924
3422 0.635
3445 0.809
3498 0.796
3523 0.678
3545 0.905
3579 0.469
3612 0.773
3634 0.587
3689 0.837
3701 0.449
3727 0.899
3748 0.678
3775 0.534
3801 0.725
3823 0.802
3849 0.682
3959 0.577
3964 0.678
3979 0.842
3987 0.731
3994 0.804
4006 0.441
4014 0.672
4031 0.873
4043 0.479
4048 0.671
4052 0.761
4066 0.825
4076 0.491
4091 0.667
4107 0.512
4122 0.878
4113 0.784
4135 0.597
4141 0.538
4154 0.801
4169 0.553
4175 0.724
4182 0.684
4196 0.705
4204 0.822
4211 0.489
4221 0.646
4228 0.524
4234 0.712
4239 0.606
4978 0.552
4986 0.675
4992 0.559
4999 0.753
5000 0.766
6112 0.689
6145 0.523
6198 0.786
6227 0.426
6301 0.978
6332 0.632
6356 0.784
6389 0.538
6401 0.937
6422 0.645
6445 0.829
6498 0.791
6523 0.672
6545 0.924
6579 0.518
6612 0.781
6634 0.617
6689 0.856
6701 0.519
6727 0.917
6748 0.684
6775 0.573
6801 0.758
6823 0.821
6849 0.713
6159 0.754
6164 0.606
6179 0.895
6187 0.746
6194 0.821
6206 0.513
6214 0.698
6231 0.847
6243 0.516
6248 0.698
6252 0.634
6266 0.832
6276 0.562
6291 0.718
6307 0.561
6313 0.828
6322 0.915
6335 0.613
6341 0.542
6354 0.829
6369 0.596
6375 0.781
6382 0.726
6396 0.692
6404 0.836
6411 0.554
6421 0.697
6428 0.574
6434 0.726
6439 0.614
6978 0.593
6986 0.721
6992 0.599
6999 0.771
7000 0.784
7001 0.731
7004 0.648
7008 0.956
7039 0.563
7052 0.817
7067 0.325
7089 0.912
7112 0.689
7145 0.523
7198 0.786
7227 0.426
7301 0.978
7332 0.632
7356 0.784
7389 0.538
7401 0.937
7422 0.645
7445 0.829
7498 0.791
7523 0.672
7545 0.924
7579 0.518
7612 0.781
7634 0.617
7689 0.856
7701 0.519
7727 0.917
7748 0.684
7775 0.573
7801 0.758
7823 0.821
7849 0.713
7959 0.754
7964 0.606
7979 0.895
7987 0.746
7994 0.821
8001 0.712
8004 0.628
8008 0.914
8039 0.521
8052 0.809
8067 0.387
8089 0.892
8112 0.647
8145 0.479
8198 0.748
8227 0.422
8301 0.971
8332 0.613
8356 0.761
8389 0.517
8401 0.932
8422 0.638
8445 0.802
8498 0.781
8523 0.662
8545 0.912
8579 0.501
8612 0.765
8634 0.619
8689 0.837
8701 0.508
8727 0.894
8748 0.662
8775 0.545
8801 0.702
8823 0.787
8849 0.654
8959 0.589
8964 0.685
8979 0.831
8987 0.725
8994 0.789
9001 0.681
9004 0.598
9008 0.879
9039 0.493
9052 0.771
9067 0.333
9089 0.866
9112 0.647
9145 0.457
9198 0.718
9227 0.403
9301 0.957
9332 0.621
9356 0.779
9389 0.491
9401 0.924
9422 0.635
9445 0.809
9498 0.796
9523 0.678
9545 0.905
9579 0.469
9612 0.773
9634 0.587
9689 0.837
9701 0.449
9727 0.899
9748 0.678
9775 0.534
9801 0.725
9823 0.802
9849 0.682
9912 0.577
